BEGIN_FILE
	Version	2
	Dimension	XY

BEGIN_BLOCK

BEGIN_NODES
0	57.3012658227848	565.017721518987	57.3012658227848	565.017721518987	Edge	1	6	11	-1
1	174.452511377044	629.824793527726	174.452511377044	629.824793527726	Edge	1	2	10	-1
2	189.067672118304	702.644190905233	189.067672118304	702.644190905233	Edge	2	3	19	-1
3	92.6897015714354	797.951295112692	92.6897015714354	797.951295112692	Edge	3	4	18	-1
4	-92.5627268767243	715.105488601713	-92.5627268767243	715.105488601713	Edge	4	5	-1	-1
5	-93.3399209486165	648.266798418972	-93.3399209486165	648.266798418972	Edge	5	6	-1	-1
6	24.1898203592814	392.102395209581	24.1898203592814	392.102395209581	Edge	7	11	-1	-1
7	111.609130475044	354.078548939717	111.609130475044	354.078548939717	Edge	7	8	24	-1
8	269.680393391793	458.800760622063	269.680393391793	458.800760622063	Edge	8	9	23	-1
9	270.136734104046	498.350289017341	270.136734104046	498.350289017341	Edge	9	10	27	-1
10	301.470705064548	218.83093346574	301.470705064548	218.83093346574	Edge	12	16	21	-1
11	144.730588393337	272.0451706072	144.730588393337	272.0451706072	Edge	12	13	24	-1
12	64.404587018438	105.051641433069	64.404587018438	105.051641433069	Edge	13	14	-1	-1
13	101.711563100577	37.0700405722827	101.711563100577	37.0700405722827	Edge	14	15	-1	-1
14	241.952717607493	71.9558999023615	241.952717607493	71.9558999023615	Edge	15	16	28	-1
15	243.4235626698	1002.54075189074	243.4235626698	1002.54075189074	Edge	17	20	35	-1
16	87.109992111491	871.368524848804	87.109992111491	871.368524848804	Edge	17	18	-1	-1
17	329.490924912979	765.44952759821	329.490924912979	765.44952759821	Edge	19	20	26	-1
18	312.172932330827	223.513157894737	312.172932330827	223.513157894737	Edge	21	22	31	-1
19	375.014161670457	355.479739507959	375.014161670457	355.479739507959	Edge	22	23	36	-1
20	448.72972972973	604.972972972973	448.72972972973	604.972972972973	Edge	25	27	39	-1
21	359.385026737968	761.326203208556	359.385026737968	761.326203208556	Edge	25	26	32	-1
22	339.691935655317	-0.46956383091802	339.691935655317	-0.46956383091802	Edge	28	29	-1	-1
23	482.306015770355	72.5981438823424	482.306015770355	72.5981438823424	Edge	29	30	50	-1
24	472.959864807774	114.322032108154	472.959864807774	114.322032108154	Edge	30	31	40	-1
25	427.44262295082	813.284153005465	427.44262295082	813.284153005465	Edge	32	33	44	-1
26	458.45	1020	458.45	1020	Edge	33	34	45	-1
27	249.330827067669	1020	249.330827067669	1020	Edge	34	35	-1	-1
28	477.041923551171	369.937114673243	477.041923551171	369.937114673243	Edge	36	37	41	-1
29	554.701903695409	501.408734602464	554.701903695409	501.408734602464	Edge	37	38	54	-1
30	539.146496815287	566.222929936306	539.146496815287	566.222929936306	Edge	38	39	42	-1
31	546.929347826087	265.10597826087	546.929347826087	265.10597826087	Edge	40	41	49	-1
32	635.172648440323	680.760146934843	635.172648440323	680.760146934843	Edge	42	43	55	-1
33	599.976090383605	794.113767735155	599.976090383605	794.113767735155	Edge	43	44	46	-1
34	464.744427116778	1024.09393633612	464.744427116778	1024.09393633612	Edge	45	47	-1	-1
35	645.463140840181	891.378630945492	645.463140840181	891.378630945492	Edge	46	47	61	-1
36	708.295003785011	206.28485995458	708.295003785011	206.28485995458	Edge	48	52	67	-1
37	685.418805618886	250.417702434361	685.418805618886	250.417702434361	Edge	48	49	53	-1
38	490.688115665713	66.176993962504	490.688115665713	66.176993962504	Edge	50	51	-1	-1
39	653.716412669429	73.5041084345812	653.716412669429	73.5041084345812	Edge	51	52	63	-1
40	756.51994486086	415.205048677522	756.51994486086	415.205048677522	Edge	53	54	56	-1
41	751.78	670.295384615385	751.78	670.295384615385	Edge	55	58	62	-1
42	785.412440300205	426.599272231067	785.412440300205	426.599272231067	Edge	56	57	68	-1
43	840.126589409303	520.785771768872	840.126589409303	520.785771768872	Edge	57	58	70	-1
44	833.859526699029	768.159435679612	833.859526699029	768.159435679612	Edge	59	62	73	-1
45	816.585706819963	876.374836686699	816.585706819963	876.374836686699	Edge	59	60	-1	-1
46	746.290255220418	939.975483372003	746.290255220418	939.975483372003	Edge	60	61	-1	-1
47	711.420798765194	-7.07408836581129	711.420798765194	-7.07408836581129	Edge	63	64	-1	-1
48	830.482191642214	15.1237984417687	830.482191642214	15.1237984417687	Edge	64	65	-1	-1
49	867.468630401361	114.490350332014	867.468630401361	114.490350332014	Edge	65	66	-1	-1
50	841.529642248722	165.574275979557	841.529642248722	165.574275979557	Edge	66	67	69	-1
51	923.256256157635	303.114187192118	923.256256157635	303.114187192118	Edge	68	69	74	-1
52	950.430436501075	550.169993330204	950.430436501075	550.169993330204	Edge	70	71	76	-1
53	1000.57498444306	621.704872911781	1000.57498444306	621.704872911781	Edge	71	72	-1	-1
54	977.782013685239	717.260019550342	977.782013685239	717.260019550342	Edge	72	73	-1	-1
55	1011.99124650643	306.647881498044	1011.99124650643	306.647881498044	Edge	74	75	-1	-1
56	1059.57310118379	399.963751836171	1059.57310118379	399.963751836171	Edge	75	76	-1	-1

BEGIN_ALLEDGES
1	Edge2D	0	1	1	2	Age 0	Color (255,0,0)	Orientation 0 GroupID 1
2	Edge2D	1	2	1	6	Age 0	Color (255,0,0)	Orientation 0 GroupID 2
3	Edge2D	2	3	1	4	Age 0	Color (255,0,0)	Orientation 0 GroupID 3
4	Edge2D	3	4	1	10000001	Age 0	Color (255,0,0)	Orientation 0 GroupID 4
5	Edge2D	4	5	1	10000001	Age 0	Color (255,0,0)	Orientation 0 GroupID 5
6	Edge2D	5	0	1	10000001	Age 0	Color (255,0,0)	Orientation 0 GroupID 6
7	Edge2D	6	7	2	10000001	Age 0	Color (255,0,0)	Orientation 0 GroupID 7
8	Edge2D	7	8	2	5	Age 0	Color (255,0,0)	Orientation 0 GroupID 8
9	Edge2D	8	9	2	9	Age 0	Color (255,0,0)	Orientation 0 GroupID 9
10	Edge2D	9	1	2	6	Age 0	Color (255,0,0)	Orientation 0 GroupID 10
11	Edge2D	0	6	2	10000001	Age 0	Color (255,0,0)	Orientation 0 GroupID 11
12	Edge2D	10	11	3	5	Age 0	Color (255,0,0)	Orientation 0 GroupID 12
13	Edge2D	11	12	3	10000001	Age 0	Color (255,0,0)	Orientation 0 GroupID 13
14	Edge2D	12	13	3	10000001	Age 0	Color (255,0,0)	Orientation 0 GroupID 14
15	Edge2D	13	14	3	10000001	Age 0	Color (255,0,0)	Orientation 0 GroupID 15
16	Edge2D	14	10	3	7	Age 0	Color (255,0,0)	Orientation 0 GroupID 16
17	Edge2D	15	16	4	10000001	Age 0	Color (255,0,0)	Orientation 0 GroupID 17
18	Edge2D	16	3	4	10000001	Age 0	Color (255,0,0)	Orientation 0 GroupID 18
19	Edge2D	2	17	4	6	Age 0	Color (255,0,0)	Orientation 0 GroupID 19
20	Edge2D	17	15	4	8	Age 0	Color (255,0,0)	Orientation 0 GroupID 20
21	Edge2D	10	18	5	7	Age 0	Color (255,0,0)	Orientation 0 GroupID 21
22	Edge2D	18	19	5	10	Age 0	Color (255,0,0)	Orientation 0 GroupID 22
23	Edge2D	19	8	5	9	Age 0	Color (255,0,0)	Orientation 0 GroupID 23
24	Edge2D	7	11	5	10000001	Age 0	Color (255,0,0)	Orientation 0 GroupID 24
25	Edge2D	20	21	6	11	Age 0	Color (255,0,0)	Orientation 0 GroupID 25
26	Edge2D	21	17	6	8	Age 0	Color (255,0,0)	Orientation 0 GroupID 26
27	Edge2D	9	20	6	9	Age 0	Color (255,0,0)	Orientation 0 GroupID 27
28	Edge2D	14	22	7	10000001	Age 0	Color (255,0,0)	Orientation 0 GroupID 28
29	Edge2D	22	23	7	10000001	Age 0	Color (255,0,0)	Orientation 0 GroupID 29
30	Edge2D	23	24	7	13	Age 0	Color (255,0,0)	Orientation 0 GroupID 30
31	Edge2D	24	18	7	10	Age 0	Color (255,0,0)	Orientation 0 GroupID 31
32	Edge2D	21	25	8	11	Age 0	Color (255,0,0)	Orientation 0 GroupID 32
33	Edge2D	25	26	8	12	Age 0	Color (255,0,0)	Orientation 0 GroupID 33
34	Edge2D	26	27	8	10000001	Age 0	Color (255,0,0)	Orientation 0 GroupID 34
35	Edge2D	27	15	8	10000001	Age 0	Color (255,0,0)	Orientation 0 GroupID 35
36	Edge2D	19	28	9	10	Age 0	Color (255,0,0)	Orientation 0 GroupID 36
37	Edge2D	28	29	9	14	Age 0	Color (255,0,0)	Orientation 0 GroupID 37
38	Edge2D	29	30	9	15	Age 0	Color (255,0,0)	Orientation 0 GroupID 38
39	Edge2D	30	20	9	11	Age 0	Color (255,0,0)	Orientation 0 GroupID 39
40	Edge2D	24	31	10	13	Age 0	Color (255,0,0)	Orientation 0 GroupID 40
41	Edge2D	31	28	10	14	Age 0	Color (255,0,0)	Orientation 0 GroupID 41
42	Edge2D	30	32	11	15	Age 0	Color (255,0,0)	Orientation 0 GroupID 42
43	Edge2D	32	33	11	16	Age 0	Color (255,0,0)	Orientation 0 GroupID 43
44	Edge2D	33	25	11	12	Age 0	Color (255,0,0)	Orientation 0 GroupID 44
45	Edge2D	34	26	12	10000001	Age 0	Color (255,0,0)	Orientation 0 GroupID 45
46	Edge2D	33	35	12	16	Age 0	Color (255,0,0)	Orientation 0 GroupID 46
47	Edge2D	35	34	12	10000001	Age 0	Color (255,0,0)	Orientation 0 GroupID 47
48	Edge2D	36	37	13	18	Age 0	Color (255,0,0)	Orientation 0 GroupID 48
49	Edge2D	37	31	13	14	Age 0	Color (255,0,0)	Orientation 0 GroupID 49
50	Edge2D	23	38	13	10000001	Age 0	Color (255,0,0)	Orientation 0 GroupID 50
51	Edge2D	38	39	13	10000001	Age 0	Color (255,0,0)	Orientation 0 GroupID 51
52	Edge2D	39	36	13	17	Age 0	Color (255,0,0)	Orientation 0 GroupID 52
53	Edge2D	37	40	14	18	Age 0	Color (255,0,0)	Orientation 0 GroupID 53
54	Edge2D	40	29	14	15	Age 0	Color (255,0,0)	Orientation 0 GroupID 54
55	Edge2D	41	32	15	16	Age 0	Color (255,0,0)	Orientation 0 GroupID 55
56	Edge2D	40	42	15	18	Age 0	Color (255,0,0)	Orientation 0 GroupID 56
57	Edge2D	42	43	15	20	Age 0	Color (255,0,0)	Orientation 0 GroupID 57
58	Edge2D	43	41	15	19	Age 0	Color (255,0,0)	Orientation 0 GroupID 58
59	Edge2D	44	45	16	10000001	Age 0	Color (255,0,0)	Orientation 0 GroupID 59
60	Edge2D	45	46	16	10000001	Age 0	Color (255,0,0)	Orientation 0 GroupID 60
61	Edge2D	46	35	16	10000001	Age 0	Color (255,0,0)	Orientation 0 GroupID 61
62	Edge2D	41	44	16	19	Age 0	Color (255,0,0)	Orientation 0 GroupID 62
63	Edge2D	39	47	17	10000001	Age 0	Color (255,0,0)	Orientation 0 GroupID 63
64	Edge2D	47	48	17	10000001	Age 0	Color (255,0,0)	Orientation 0 GroupID 64
65	Edge2D	48	49	17	10000001	Age 0	Color (255,0,0)	Orientation 0 GroupID 65
66	Edge2D	49	50	17	10000001	Age 0	Color (255,0,0)	Orientation 0 GroupID 66
67	Edge2D	50	36	17	18	Age 0	Color (255,0,0)	Orientation 0 GroupID 67
68	Edge2D	51	42	18	20	Age 0	Color (255,0,0)	Orientation 0 GroupID 68
69	Edge2D	50	51	18	10000001	Age 0	Color (255,0,0)	Orientation 0 GroupID 69
70	Edge2D	43	52	19	20	Age 0	Color (255,0,0)	Orientation 0 GroupID 70
71	Edge2D	52	53	19	10000001	Age 0	Color (255,0,0)	Orientation 0 GroupID 71
72	Edge2D	53	54	19	10000001	Age 0	Color (255,0,0)	Orientation 0 GroupID 72
73	Edge2D	54	44	19	10000001	Age 0	Color (255,0,0)	Orientation 0 GroupID 73
74	Edge2D	51	55	20	10000001	Age 0	Color (255,0,0)	Orientation 0 GroupID 74
75	Edge2D	55	56	20	10000001	Age 0	Color (255,0,0)	Orientation 0 GroupID 75
76	Edge2D	56	52	20	10000001	Age 0	Color (255,0,0)	Orientation 0 GroupID 76

BEGIN_EDGEGROUPS

BEGIN_ALLFACES

BEGIN_ELEMENTS
1	Cell2D	VI1	ECCell1	(107,244,58)	TypeA	1	0	InitialArea	0	Area	41879.6193662741	Age	0
	Edges	1	2	3	4	5	6
2	Cell2D	VI1	ECCell1	(107,244,58)	TypeA	1	0	InitialArea	0	Area	42728.6029435852	Age	0
	Edges	7	8	9	10	1	11
3	Cell2D	VI1	ECCell1	(107,244,58)	TypeA	1	0	InitialArea	0	Area	34665.777905073	Age	0
	Edges	12	13	14	15	16
4	Cell2D	VI1	ECCell1	(107,244,58)	TypeA	1	0	InitialArea	0	Area	42495.2736358482	Age	0
	Edges	17	18	3	19	20
5	Cell2D	VI1	ECCell1	(107,244,58)	TypeA	1	0	InitialArea	0	Area	37733.6459382001	Age	0
	Edges	21	22	23	8	24	12
6	Cell2D	VI1	ECCell1	(107,244,58)	TypeA	1	0	InitialArea	0	Area	44173.7823143771	Age	0
	Edges	25	26	19	2	10	27
7	Cell2D	VI1	ECCell1	(249,245,57)	TypeB	1	0	InitialArea	0	Area	30417.0062400206	Age	0
	Edges	21	16	28	29	30	31
8	Cell2D	VI1	ECCell1	(249,245,57)	TypeB	1	0	InitialArea	0	Area	38366.7089923342	Age	0
	Edges	26	32	33	34	35	20
9	Cell2D	VI1	ECCell1	(107,244,58)	TypeA	1	0	InitialArea	0	Area	46266.5963341424	Age	0
	Edges	9	23	36	37	38	39	27
10	Cell2D	VI1	ECCell1	(249,245,57)	TypeB	1	0	InitialArea	0	Area	36196.615965051	Age	0
	Edges	40	41	36	22	31
11	Cell2D	VI1	ECCell1	(107,244,58)	TypeA	1	0	InitialArea	0	Area	44347.1453586105	Age	0
	Edges	32	25	39	42	43	44
12	Cell2D	VI1	ECCell1	(249,245,57)	TypeB	1	0	InitialArea	0	Area	30937.728605825	Age	0
	Edges	45	33	44	46	47
13	Cell2D	VI1	ECCell1	(249,245,57)	TypeB	1	0	InitialArea	0	Area	34477.8179528765	Age	0
	Edges	48	49	40	30	50	51	52
14	Cell2D	VI1	ECCell1	(107,244,58)	TypeA	1	0	InitialArea	0	Area	44777.621301666	Age	0
	Edges	53	54	37	41	49
15	Cell2D	VI1	ECCell1	(249,245,57)	TypeB	1	0	InitialArea	0	Area	52380.0569916038	Age	0
	Edges	55	42	38	54	56	57	58
16	Cell2D	VI1	ECCell1	(249,245,57)	TypeB	1	0	InitialArea	0	Area	44942.7999096927	Age	0
	Edges	59	60	61	46	43	55	62
17	Cell2D	VI1	ECCell1	(107,244,58)	TypeA	1	0	InitialArea	0	Area	31246.9596338032	Age	0
	Edges	63	64	65	66	67	52
18	Cell2D	VI1	ECCell1	(107,244,58)	TypeA	1	0	InitialArea	0	Area	36969.1971062647	Age	0
	Edges	68	56	53	48	67	69
19	Cell2D	VI1	ECCell1	(107,244,58)	TypeA	1	0	InitialArea	0	Area	40125.153218864	Age	0
	Edges	62	58	70	71	72	73
20	Cell2D	VI1	ECCell1	(249,245,57)	TypeB	1	0	InitialArea	0	Area	42675.2126043834	Age	0
	Edges	70	57	68	74	75	76

BEGIN_MATERIALS
VI1	1	0

BEGIN_ELEMENT_CONTROLS
ECCell1	PlaneStrain	0	5.63414461924161	5.74682751162644 MaxLength 33.8048677154497	VolumeConstraint	20	TonusRandomVariation 0.3 0.1
	TypeA	TypeB	TypeC	Medium
	1	1	1	1	
		1	1	1	
			1	1	
				0	

BEGIN_BOUNDARY_CONDITIONS
1	Node	29	DX	0	DY	0	

BEGIN_CONTROLS
StartingTime	0
NumberSteps	1000
StepSize	1
ActiveStep	0
ActiveTime	0
OutputEvery	10
OutputEveryData	10
ConstraintReduction	1	1	2	1	0.800000011920929
BlowUp	1000
Solver	UmfPack
StiffnessReduction	0
KtoA	Traditional
RandomSeed	777
OutputVariables NumCells
ScreenOutput

BEGIN_OUTPUT_VARIABLES
Time	0
CPU_Time_S	25.2479991912842
Number_Cells	20

